LG 
1.0
0.926875

0.0
0.0
0.0

1.0
0.9360416666666667

0.0
0.0
0.0

1.0
0.9335416666666666

0.0
0.0
0.0

BR

0.9810416666666667
0.9254166666666667

0.0
0.0
0.0

0.9824999999999999
0.9210416666666666

0.0
0.0
0.0

0.9856250000000001
0.925625

0.0
0.0
0.0

LinearSVC

1.0
0.918125

0.0
0.0
0.0

1.0
0.9308333333333333

0.0188
1.8269840000000002e-06
3.9019055173936064

0.9997916666666667
0.9214583333333333

0.3403333333333334
2.4926471333333336e-05
22.915208473172893



DecisionT

1.0
0.734375

0.0
0.0
0.0

1.0
0.739375

0.0
0.0
0.0

1.0
0.7397916666666666

0.0
0.0
0.0


KNN

0.9079166666666666
0.8697916666666666

0.0
0.0
0.0

0.90875
0.87

0.0
0.0
0.0

0.9114583333333334
0.8722916666666666

0.0
0.0
0.0









